Date	2016	2017	2018	2019	2020	2021	2022
1/1/2016	28.20	28.45	26.61	26.91	26.90	24.73	26.41
1/2/2016	28.79	27.86	27.17	28.60	28.51	25.39	23.68
1/3/2016	26.44	29.16	24.39	29.18	27.86	25.18	25.22
1/4/2016	27.70	27.78	27.88	28.71	27.45	29.24	26.55
1/5/2016	27.69	27.16	30.28	29.00	27.11	28.16	26.59
1/6/2016	27.42	27.74	29.71	27.33	28.62	28.84	26.34
1/7/2016	27.47	27.42	29.00	27.15	27.42	27.54	26.29
1/8/2016	27.07	26.62	30.26	27.93	26.73	27.50	26.61
1/9/2016	24.99	27.32	30.33	27.17	27.89	25.39	27.41
1/10/2016	26.48	26.55	29.91	27.58	27.44	24.86	27.42
1/11/2016	31.26	26.44	26.74	28.65	28.15	25.21	26.36
1/12/2016	27.30	28.22	24.69	28.01	26.40	24.83	25.84
1/13/2016	27.15	29.40	24.77	27.15	27.61	25.80	23.69
1/14/2016	28.38	28.92	25.35	27.73	27.67	26.84	24.06
1/15/2016	26.80	27.59	27.20	27.49	27.63	27.12	24.94
1/16/2016	28.64	26.19	27.32	26.87	28.99	27.50	24.97
1/17/2016	28.91	27.23	26.69	26.12	29.63	26.64	24.71
1/18/2016	28.36	26.74	30.31	26.61	28.96	26.03	24.81
1/19/2016	27.40	27.40	27.99	27.66	27.56	25.75	26.16
1/20/2016	29.28	26.55	28.56	28.09	27.70	25.45	24.85
1/21/2016	30.08	27.32	29.39	26.79	27.36	28.44	25.42
1/22/2016	26.89	27.28	29.57	27.61	27.42	28.68	27.38
1/23/2016	29.66	28.47	29.40	26.43	27.88	30.11	27.43
1/24/2016	27.60	26.76	27.54	26.89	26.87	29.23	27.54
1/25/2016	24.67	27.09	28.89	27.53	27.04	30.38	27.63
1/26/2016	25.07	25.02	30.81	24.67	29.20	27.93	25.92
1/27/2016	25.93	25.42	25.60	24.90	28.56	26.77	28.82
1/28/2016	27.24	25.90	26.38	24.80	28.26	27.23	28.40
1/29/2016	29.07	26.41	28.33	24.05	26.99	26.73	28.83
1/30/2016	30.44	29.32	26.95	25.21	27.90	25.49	29.34
1/31/2016	29.39	30.44	26.55	26.90	24.85	24.59	26.95
2/1/2016	26.59	29.66	28.71	25.95	25.02	25.91	27.20
2/2/2016	25.83	27.55	28.29	26.31	24.14	27.26	25.39
2/3/2016	28.68	26.35	26.27	27.43	23.32	26.52	24.82
2/4/2016	27.65	26.49	27.40	27.09	24.53	26.94	26.75
2/5/2016	29.48	27.54	27.58	26.77	26.59	25.29	27.13
2/6/2016	27.41	26.68	26.40	26.35	27.64	27.15	27.38
2/7/2016	25.36	27.44	25.70	26.30	26.07	30.02	25.21
2/8/2016	24.44	27.81	25.57	26.97	28.19	29.34	28.27
2/9/2016	24.80	27.68	26.72	28.29	25.46	25.86	26.98
2/10/2016	28.36	26.37	27.18	27.00	25.72	24.95	26.92
2/11/2016	28.01	24.29	28.66	27.68	26.27	28.33	26.95
2/12/2016	28.59	24.11	27.99	26.89	26.49	30.42	26.72
2/13/2016	28.53	23.26	25.81	26.36	26.05	25.21	26.46
2/14/2016	27.82	23.80	25.73	27.35	28.93	28.23	27.77
2/15/2016	27.51	24.80	29.77	26.94	29.27	26.51	27.50
2/16/2016	27.25	25.70	30.68	27.52	28.10	27.61	26.92
2/17/2016	28.03	25.76	30.18	27.88	27.21	27.40	26.26
2/18/2016	27.67	27.58	30.02	27.94	26.03	25.93	27.71
2/19/2016	28.45	25.77	29.35	28.20	25.84	23.23	28.76
2/20/2016	27.36	28.52	30.45	27.27	25.40	23.39	27.60
2/21/2016	29.53	29.85	29.86	26.89	26.26	24.30	28.22
2/22/2016	27.09	28.25	30.50	27.94	26.76	24.19	25.47
2/23/2016	27.02	29.64	29.02	27.90	27.29	26.93	27.03
2/24/2016	27.20	29.77	29.14	27.39	27.21	27.04	28.39
2/25/2016	27.88	29.11	28.27	26.98	28.12	28.61	27.93
2/26/2016	26.44	29.84	29.46	27.10	26.60	28.33	25.43
2/27/2016	28.31	29.56	27.27	26.56	27.60	29.04	27.29
2/28/2016	26.69	28.40	30.23	27.31	28.14	27.80	28.03
2/29/2016	28.47	27.82	31.65	27.44	29.21	29.83	27.66
3/1/2016	26.59	27.37	31.24	27.04	28.50	29.77	27.54
3/2/2016	25.11	27.29	31.16	28.17	27.73	28.73	29.26
3/3/2016	27.01	26.58	30.82	29.28	27.84	29.26	27.64
3/4/2016	28.44	28.58	30.79	28.77	28.49	29.25	28.22
3/5/2016	30.36	27.96	32.28	29.43	28.58	28.56	28.59
3/6/2016	30.87	27.88	31.58	29.49	29.69	28.38	27.60
3/7/2016	30.07	28.55	29.67	28.86	31.43	25.51	28.59
3/8/2016	32.36	27.80	25.82	28.16	31.99	25.81	27.42
3/9/2016	31.43	28.12	25.86	27.72	32.31	28.74	27.23
3/10/2016	30.20	29.18	26.28	27.95	32.16	28.63	28.29
3/11/2016	30.92	29.42	27.54	29.66	31.55	27.29	31.08
3/12/2016	30.71	30.02	28.61	28.76	30.67	25.95	27.10
3/13/2016	30.99	31.80	28.45	29.68	29.76	26.82	29.71
3/14/2016	27.89	29.45	29.35	29.88	29.50	27.26	29.50
3/15/2016	29.93	28.78	31.32	29.62	29.60	30.82	30.14
3/16/2016	31.61	28.00	30.30	29.54	26.87	31.97	29.61
3/17/2016	31.57	27.57	30.14	30.27	27.33	32.48	32.30
3/18/2016	31.55	27.76	30.09	29.99	29.33	32.23	29.99
3/19/2016	30.78	28.74	30.90	30.09	29.15	31.99	31.58
3/20/2016	30.54	28.40	30.83	30.21	30.88	32.89	31.16
3/21/2016	30.84	32.16	26.41	29.65	31.36	30.51	32.41
3/22/2016	31.15	32.72	26.50	29.81	32.36	29.57	31.87
3/23/2016	31.34	33.17	26.40	29.46	31.19	29.31	30.80
3/24/2016	30.95	31.45	26.75	29.71	31.19	31.06	31.42
3/25/2016	31.89	31.52	27.84	29.21	29.84	30.53	31.99
3/26/2016	31.71	31.37	27.59	30.37	30.78	31.80	30.41
3/27/2016	30.13	27.05	28.72	31.37	31.90	31.93	29.88
3/28/2016	27.21	29.20	29.26	31.01	31.81	31.47	30.48
3/29/2016	28.66	30.07	29.39	30.02	32.07	31.92	31.08
3/30/2016	31.03	29.81	27.53	29.73	31.93	32.67	31.18
3/31/2016	30.91	30.12	28.98	30.18	31.69	31.78	29.58
4/1/2016	32.09	27.54	29.68	29.79	32.12	30.71	29.17
4/2/2016	31.54	25.77	28.30	30.33	32.26	31.24	28.24
4/3/2016	32.02	27.37	29.27	31.14	31.06	30.85	29.30
4/4/2016	31.91	28.86	29.70	31.21	31.38	30.66	24.60
4/5/2016	30.88	29.81	29.96	32.49	30.70	30.73	26.80
4/6/2016	31.77	31.31	30.02	33.05	30.95	28.95	27.60
4/7/2016	32.11	31.24	28.19	32.89	31.65	30.52	26.53
4/8/2016	32.73	31.93	27.31	32.28	31.83	29.94	29.19
4/9/2016	33.19	31.70	30.46	32.23	30.04	30.16	27.52
4/10/2016	31.91	31.53	32.84	32.00	31.74	29.64	28.01
4/11/2016	31.74	30.79	33.85	32.13	31.02	28.85	27.71
4/12/2016	33.99	32.23	33.64	34.66	31.86	30.71	28.28
4/13/2016	35.18	31.90	33.17	32.77	31.49	32.55	30.02
4/14/2016	35.59	31.07	33.76	32.86	28.42	28.95	29.70
4/15/2016	36.06	27.92	32.44	33.24	30.96	31.62	29.49
4/16/2016	35.38	32.24	31.65	33.53	31.20	30.60	26.49
4/17/2016	34.07	31.69	31.36	34.61	32.05	30.32	29.74
4/18/2016	34.58	33.22	31.55	33.25	32.39	31.49	29.51
4/19/2016	34.52	32.98	32.51	33.06	33.09	31.81	29.29
4/20/2016	34.44	33.63	33.49	33.67	34.15	32.68	30.70
4/21/2016	34.19	33.12	33.18	34.06	33.76	34.17	31.79
4/22/2016	33.48	32.82	33.23	32.75	33.92	31.93	31.49
4/23/2016	33.44	33.78	33.28	33.93	33.60	31.64	32.18
4/24/2016	33.74	33.54	33.82	32.25	34.11	31.07	30.99
4/25/2016	33.60	33.10	33.28	32.21	33.78	28.76	29.83
4/26/2016	33.37	34.32	33.44	32.74	33.79	27.85	33.29
4/27/2016	33.99	33.51	33.87	32.54	33.92	30.26	30.07
4/28/2016	36.17	33.08	34.21	32.93	32.25	31.48	31.61
4/29/2016	35.61	32.57	34.02	32.49	33.07	32.67	30.94
4/30/2016	34.20	33.26	33.91	33.21	33.54	32.45	31.13
5/1/2016	35.68	34.24	35.07	33.75	33.61	32.52	30.63
5/2/2016	35.43	33.41	33.95	30.28	33.45	32.81	31.05
5/3/2016	35.68	31.48	34.58	31.73	33.47	32.82	31.84
5/4/2016	35.50	34.15	31.28	32.72	37.91	34.80	31.83
5/5/2016	35.32	33.81	32.37	32.90	36.98	33.55	32.78
5/6/2016	35.03	34.81	33.89	31.99	36.29	33.24	33.99
5/7/2016	35.25	34.17	33.36	29.73	36.83	34.91	33.63
5/8/2016	34.54	35.31	33.85	29.89	36.44	35.58	32.69
5/9/2016	35.15	34.90	33.33	33.44	36.54	34.14	32.28
5/10/2016	35.35	33.02	33.47	31.56	36.76	33.73	31.99
5/11/2016	35.06	34.03	35.16	31.63	36.45	33.50	32.41
5/12/2016	35.82	34.23	34.96	34.50	36.59	34.31	33.41
5/13/2016	35.44	33.21	35.38	35.37	37.07	34.43	30.44
5/14/2016	35.20	33.80	33.60	35.58	33.10	35.04	29.04
5/15/2016	35.48	31.45	35.38	34.16	27.60	35.53	29.16
5/16/2016	36.03	30.08	34.99	34.44	30.13	35.90	28.87
5/17/2016	35.18	32.30	34.92	34.04	34.33	32.49	29.31
5/18/2016	34.01	33.69	34.58	34.62	33.68	34.39	28.42
5/19/2016	33.17	33.96	33.78	33.98	30.94	33.98	29.73
5/20/2016	34.15	33.93	33.48	34.19	33.09	31.90	28.33
5/21/2016	35.19	33.00	32.20	31.79	35.46	33.94	29.52
5/22/2016	34.23	29.25	35.43	32.34	31.50	34.62	31.21
5/23/2016	34.03	29.14	33.81	32.50	31.44	32.26	32.70
5/24/2016	35.73	28.80	32.44	30.41	32.09	34.03	30.11
5/25/2016	34.67	30.56	31.96	31.73	34.25	33.28	32.41
5/26/2016	34.19	29.82	35.30	30.62	31.35	33.11	31.61
5/27/2016	35.58	34.05	36.86	33.32	34.13	35.44	27.79
5/28/2016	35.24	35.58	35.87	33.10	33.57	37.97	31.36
5/29/2016	34.83	32.88	31.38	33.11	32.10	35.51	31.63
5/30/2016	35.30	31.18	34.54	35.77	34.97	36.11	28.73
5/31/2016	34.76	34.67	35.55	35.33	33.86	36.42	26.68
6/1/2016	33.34	35.42	31.94	36.84	34.82	29.04	31.86
6/2/2016	33.16	33.92	32.77	37.40	33.65	32.98	32.32
6/3/2016	35.42	35.05	34.92	35.01	34.87	32.02	31.68
6/4/2016	35.49	30.88	35.66	34.71	34.92	33.83	31.77
6/5/2016	33.04	33.82	29.78	35.61	35.24	29.94	30.66
6/6/2016	33.57	31.04	28.83	35.73	36.09	31.94	31.53
6/7/2016	32.61	33.30	30.68	35.88	35.43	29.26	29.88
6/8/2016	33.85	29.63	28.79	35.74	34.45	27.43	31.77
6/9/2016	33.12	29.10	27.03	31.17	34.80	29.86	33.36
6/10/2016	34.51	30.99	28.36	33.03	30.14	28.54	31.15
6/11/2016	35.55	33.63	28.50	34.87	28.97	28.27	29.82
6/12/2016	33.36	34.14	29.82	33.99	28.98	27.55	32.40
6/13/2016	32.38	35.83	32.56	35.16	33.14	30.25	31.86
6/14/2016	33.59	33.76	33.29	33.33	32.98	31.53	31.45
6/15/2016	34.83	33.65	32.92	30.69	32.19	32.73	32.06
6/16/2016	33.09	34.15	33.28	35.15	35.00	31.42	32.42
6/17/2016	33.60	34.03	32.50	33.85	34.28	31.56	31.00
6/18/2016	34.13	34.46	32.87	34.30	35.49	32.47	30.32
6/19/2016	34.51	31.81	30.53	34.99	31.30	31.33	30.88
6/20/2016	33.98	33.77	29.78	33.01	30.72	31.20	30.48
6/21/2016	32.57	31.17	28.52	34.49	32.52	30.61	30.02
6/22/2016	32.49	31.48	31.52	33.11	34.42	30.86	29.05
6/23/2016	33.00	34.25	31.22	33.29	34.08	29.91	29.34
6/24/2016	33.04	33.46	29.69	31.14	33.57	29.36	29.39
6/25/2016	33.36	34.32	28.44	29.08	33.34	30.45	28.29
6/26/2016	30.72	32.76	28.98	30.00	33.40	31.82	27.43
6/27/2016	31.03	31.20	31.71	32.52	32.18	30.80	27.71
6/28/2016	33.82	31.30	32.51	29.95	28.29	31.84	30.66
6/29/2016	32.94	33.33	31.24	30.93	30.67	31.81	31.05
6/30/2016	32.01	33.40	31.44	30.21	31.25	31.98	29.08
7/1/2016	34.08	32.19	31.68	29.00	31.49	30.90	31.14
7/2/2016	31.60	29.89	31.85	32.91	33.43	27.15	32.24
7/3/2016	31.79	29.64	31.29	32.77	31.50	30.53	30.32
7/4/2016	32.53	30.00	31.81	30.77	28.44	29.07	30.30
7/5/2016	31.91	31.07	31.41	30.84	31.94	27.80	29.25
7/6/2016	33.16	33.95	30.11	29.94	34.08	31.88	28.27
7/7/2016	31.98	31.38	27.12	30.44	34.81	32.34	29.43
7/8/2016	29.27	30.26	30.29	32.93	34.13	30.02	31.06
7/9/2016	30.54	31.51	30.36	33.36	34.57	27.75	29.99
7/10/2016	31.23	28.34	30.79	31.47	32.17	30.69	32.00
7/11/2016	30.19	27.89	30.66	30.47	30.65	31.19	29.23
7/12/2016	31.68	28.18	29.26	31.56	30.05	29.64	30.27
7/13/2016	33.29	29.96	28.36	29.21	27.59	28.64	30.55
7/14/2016	34.21	30.29	28.74	29.68	30.29	28.87	32.54
7/15/2016	34.92	30.23	27.91	29.88	32.38	30.83	30.61
7/16/2016	33.53	31.30	26.35	28.01	33.74	30.04	29.65
7/17/2016	34.66	31.56	30.28	31.95	32.65	31.45	27.45
7/18/2016	33.10	30.67	32.28	33.04	34.41	30.38	31.50
7/19/2016	32.42	28.85	32.16	34.01	30.88	29.22	32.37
7/20/2016	33.92	31.62	31.96	32.60	30.44	26.39	27.56
7/21/2016	35.37	32.87	28.78	29.68	32.23	26.48	28.59
7/22/2016	32.81	30.52	28.75	30.09	31.79	27.97	32.26
7/23/2016	31.47	32.35	28.98	29.97	31.19	27.39	32.81
7/24/2016	29.69	31.55	28.29	31.14	32.60	29.59	30.83
7/25/2016	32.63	30.52	28.76	32.83	31.54	32.77	29.75
7/26/2016	34.97	30.51	26.59	28.33	30.21	32.71	29.94
7/27/2016	34.39	33.51	29.62	28.27	33.01	30.50	32.43
7/28/2016	34.85	35.12	31.18	31.21	30.41	29.95	30.80
7/29/2016	34.60	35.57	31.86	29.65	27.73	32.11	31.07
7/30/2016	33.70	35.66	31.03	30.91	28.19	32.62	29.28
7/31/2016	31.36	35.65	31.41	31.60	30.13	33.86	28.73
8/1/2016	30.73	29.49	31.79	29.69	28.29	33.68	28.94
8/2/2016	32.33	32.24	31.21	27.19	29.72	33.54	30.14
8/3/2016	33.74	32.32	29.16	29.27	30.54	33.51	29.45
8/4/2016	33.28	31.99	29.47	30.47	29.44	32.22	25.94
8/5/2016	33.12	34.29	27.82	29.22	31.86	32.69	27.47
8/6/2016	31.21	33.39	29.46	30.43	31.23	32.88	26.44
8/7/2016	32.32	30.86	31.61	30.91	27.32	32.61	27.10
8/8/2016	30.34	33.85	31.63	30.63	26.77	31.18	30.02
8/9/2016	28.88	33.45	32.11	32.90	29.23	28.83	29.12
8/10/2016	28.04	33.04	30.94	34.39	30.85	27.59	27.86
8/11/2016	31.48	34.01	31.91	34.52	29.67	29.51	29.74
8/12/2016	31.81	32.64	31.59	35.12	30.20	30.02	29.89
8/13/2016	30.08	32.59	32.13	35.65	29.31	29.66	27.72
8/14/2016	33.52	33.13	33.55	34.64	30.47	26.78	27.69
8/15/2016	34.65	33.75	34.25	33.86	28.53	30.73	30.43
8/16/2016	34.55	33.09	31.66	34.23	28.46	29.15	29.86
8/17/2016	35.34	32.62	30.08	33.20	29.52	29.23	27.47
8/18/2016	34.45	30.86	30.27	32.90	29.71	29.66	29.00
8/19/2016	35.84	30.72	32.18	30.81	29.63	28.59	29.61
8/20/2016	31.04	30.30	34.03	29.92	28.46	27.80	29.67
8/21/2016	31.45	29.90	33.69	30.84	31.29	30.15	28.29
8/22/2016	32.39	29.91	34.12	31.06	30.57	30.32	27.28
8/23/2016	32.40	30.41	34.55	30.35	32.08	28.18	27.41
8/24/2016	33.70	28.92	33.89	29.00	33.61	28.02	29.65
8/25/2016	33.94	31.11	32.61	30.07	33.91	25.81	30.94
8/26/2016	34.97	30.56	31.70	27.76	32.71	27.37	27.10
8/27/2016	33.96	31.56	31.01	31.19	32.32	29.51	29.47
8/28/2016	33.28	30.73	30.69	30.93	30.17	28.82	30.75
8/29/2016	33.99	32.37	31.27	28.58	31.92	28.19	29.17
8/30/2016	34.27	32.33	29.36	27.90	30.33	28.34	28.43
8/31/2016	33.79	34.36	29.69	28.40	32.12	28.13	31.11
9/1/2016	33.20	34.49	29.28	29.53	31.78	29.05	29.77
9/2/2016	32.56	34.25	30.49	28.58	31.58	29.36	27.75
9/3/2016	33.30	33.35	29.19	31.65	30.87	28.91	31.51
9/4/2016	31.22	31.50	29.60	32.90	33.86	30.23	30.91
9/5/2016	33.37	31.06	27.95	33.83	33.76	28.68	29.96
9/6/2016	32.55	32.93	29.10	34.05	31.70	26.66	31.26
9/7/2016	33.65	35.12	31.40	33.37	30.00	25.30	32.74
9/8/2016	33.01	34.95	32.29	32.64	31.90	30.13	29.24
9/9/2016	32.71	34.27	28.88	30.09	32.01	27.93	26.35
9/10/2016	31.35	26.78	30.01	30.32	33.06	27.37	29.77
9/11/2016	32.43	27.54	29.01	25.71	31.16	26.82	29.08
9/12/2016	31.32	33.29	31.43	28.50	28.44	28.63	30.27
9/13/2016	31.74	32.79	32.19	28.78	30.72	30.77	29.21
9/14/2016	32.12	31.61	30.70	28.08	34.37	30.96	27.70
9/15/2016	32.77	34.14	29.91	27.89	28.06	29.33	28.49
9/16/2016	32.18	32.42	29.87	28.86	29.77	28.56	29.06
9/17/2016	32.89	31.42	29.07	30.25	28.32	29.56	30.15
9/18/2016	32.89	32.23	29.02	28.60	28.76	25.97	28.07
9/19/2016	30.99	29.84	29.30	26.67	31.73	26.86	25.35
9/20/2016	29.21	30.89	27.96	29.07	32.10	28.62	26.31
9/21/2016	31.81	31.80	31.26	30.19	39.31	29.93	25.27
9/22/2016	32.82	28.80	32.25	32.21	37.80	30.45	26.38
9/23/2016	33.36	32.20	32.16	31.84	35.74	29.43	28.71
9/24/2016	33.24	29.80	33.47	30.90	37.07	29.73	26.31
9/25/2016	31.17	30.19	33.38	31.46	36.54	31.97	27.15
9/26/2016	33.26	33.01	31.23	32.32	37.80	28.10	28.68
9/27/2016	32.44	32.39	31.56	33.56	38.86	29.44	27.31
9/28/2016	28.62	32.03	31.94	33.04	34.55	29.24	27.58
9/29/2016	28.55	30.11	31.13	33.64	37.31	27.70	26.64
9/30/2016	29.54	29.42	30.99	32.31	37.41	29.32	27.68
10/1/2016	31.16	31.02	30.41	29.05	37.60	30.19	28.41
10/2/2016	31.90	30.79	30.46	29.64	36.50	29.16	27.38
10/3/2016	30.48	31.21	30.89	29.96	35.64	28.64	29.29
10/4/2016	31.31	31.43	30.36	29.95	36.93	26.56	29.97
10/5/2016	28.56	31.46	29.59	30.91	34.84	26.96	29.54
10/6/2016	30.53	31.20	31.67	31.69	35.38	29.38	29.14
10/7/2016	32.01	28.62	31.75	31.35	33.51	29.51	28.77
10/8/2016	32.72	29.90	32.39	29.15	26.70	29.97	30.15
10/9/2016	32.75	29.71	32.76	31.68	31.74	31.13	30.55
10/10/2016	30.80	32.01	32.59	30.08	34.48	32.82	30.76
10/11/2016	30.18	30.86	33.14	30.42	33.63	29.37	29.30
10/12/2016	30.66	32.22	33.01	30.40	33.34	28.44	30.02
10/13/2016	28.90	28.87	30.99	30.76	36.83	27.64	29.44
10/14/2016	30.34	31.77	29.70	30.84	33.06	28.24	31.76
10/15/2016	32.56	31.07	30.34	29.39	29.62	29.10	30.38
10/16/2016	30.90	31.94	31.12	31.67	30.02	29.54	29.62
10/17/2016	31.17	31.51	31.64	33.11	28.50	26.91	27.65
10/18/2016	33.12	28.94	31.53	31.60	30.01	30.72	27.36
10/19/2016	33.31	31.40	31.38	29.87	26.24	28.22	27.58
10/20/2016	32.75	34.52	30.93	31.61	30.56	29.07	30.02
10/21/2016	32.91	33.20	31.69	31.91	31.98	29.62	29.03
10/22/2016	34.25	30.02	31.06	31.91	30.44	25.92	27.71
10/23/2016	33.10	29.20	30.83	32.33	29.47	26.83	29.07
10/24/2016	33.13	29.08	30.10	31.98	27.13	25.38	25.39
10/25/2016	31.58	29.00	30.93	29.04	28.05	27.88	26.34
10/26/2016	31.42	30.80	29.42	29.54	29.65	29.70	28.73
10/27/2016	30.81	31.81	29.77	27.38	30.03	26.59	25.63
10/28/2016	33.05	31.54	27.09	30.24	28.50	29.17	24.29
10/29/2016	32.20	29.63	29.61	29.88	29.75	29.49	27.36
10/30/2016	32.52	27.48	32.41	29.26	31.23	28.97	28.16
10/31/2016	32.00	27.42	32.44	27.77	24.79	28.75	29.02
11/1/2016	28.52	28.83	32.94	28.32	30.90	27.39	27.38
11/2/2016	28.94	32.54	31.65	30.61	29.86	29.13	28.14
11/3/2016	28.73	27.19	31.48	32.40	26.69	28.97	26.65
11/4/2016	26.65	30.10	30.25	32.95	29.18	28.64	27.72
11/5/2016	29.86	32.83	30.74	27.98	31.17	30.74	27.66
11/6/2016	30.12	31.99	29.51	28.50	27.51	28.68	28.98
11/7/2016	29.55	32.04	29.99	29.76	29.14	28.67	26.64
11/8/2016	28.72	26.17	27.51	29.88	28.82	28.85	28.62
11/9/2016	27.83	31.79	27.13	29.20	27.22	29.87	27.98
11/10/2016	28.14	31.49	29.19	28.95	27.51	30.06	28.90
11/11/2016	28.16	32.05	29.59	28.18	27.96	29.03	28.08
11/12/2016	30.34	31.76	31.05	28.36	32.91	28.26	27.49
11/13/2016	28.54	31.17	30.30	28.08	32.60	29.82	30.33
11/14/2016	30.35	31.44	30.28	31.30	30.85	32.78	28.57
11/15/2016	27.47	29.78	30.37	30.93	31.67	30.70	28.89
11/16/2016	31.81	28.83	29.80	30.78	30.21	29.40	28.90
11/17/2016	33.05	31.63	29.27	31.87	31.06	29.40	26.41
11/18/2016	32.28	32.26	29.22	31.62	30.83	29.49	25.33
11/19/2016	30.08	31.69	29.04	31.05	30.62	26.70	28.48
11/20/2016	32.71	31.26	28.20	30.26	29.85	29.00	27.74
11/21/2016	31.57	31.79	30.22	29.03	28.42	28.98	28.94
11/22/2016	29.74	30.39	30.30	29.50	28.87	27.79	29.06
11/23/2016	30.10	28.61	29.85	29.13	29.96	29.25	30.88
11/24/2016	29.21	30.50	27.73	26.86	29.20	28.53	28.61
11/25/2016	27.00	31.31	29.71	28.25	29.72	27.97	29.47
11/26/2016	30.29	31.19	29.12	30.04	27.62	32.46	28.98
11/27/2016	33.35	32.32	28.64	30.08	29.26	28.27	28.34
11/28/2016	31.78	30.71	28.56	28.41	26.14	29.79	30.53
11/29/2016	30.50	28.35	27.77	27.11	28.13	32.64	30.20
11/30/2016	30.77	30.47	28.84	27.45	28.33	30.31	26.65
12/1/2016	29.88	30.96	28.39	27.35	29.31	27.81	28.44
12/2/2016	28.89	31.89	30.07	26.04	30.23	26.48	29.74
12/3/2016	28.62	31.22	30.03	31.36	27.27	24.73	28.70
12/4/2016	30.51	28.55	30.34	29.56	29.44	25.08	27.84
12/5/2016	31.11	27.97	30.81	29.77	29.69	25.26	28.04
12/6/2016	30.11	27.95	29.91	30.28	28.16	25.08	28.99
12/7/2016	28.74	27.73	30.09	27.49	30.18	25.74	29.13
12/8/2016	29.41	29.70	29.51	26.77	28.82	25.84	25.72
12/9/2016	30.27	29.09	29.63	27.03	27.24	26.65	25.33
12/10/2016	31.34	27.99	29.61	28.38	30.30	26.61	25.99
12/11/2016	29.95	26.77	29.51	27.81	31.13	25.79	26.65
12/12/2016	29.91	28.34	28.55	28.92	30.15	25.40	26.76
12/13/2016	28.27	26.80	26.98	28.87	30.85	26.65	25.09
							
							
							
							
							
							
							
							
							
							
							
							
							
							
							
							
							
							
							
							
							
							
							
							
							
							
							
							
							
							
							
							
							
							
							
							
							
							
							
							
							
							
							
							
							
							
							
							
							
							
							
							
							
							
							
							
							
							
							
							
							
							
							
							
							
							
							
							
							
							
							
							
							
							
							
							
							
							
							
							
							
							
							
							
							
							
							
							
							
							
							
							
							
							
							
							
							
							
							
							
							
							
							
							
							
							
							
							
							
							
							
							
							
							
							
							
							
							
							
							
							
							
							
							
							
							
							
							
							
							
							
							
							
							
							
							
							
							
							
							
							
							
							
							
							
							
							
							
							
							
							
							
							
							
							
							
							
							
							
							
							
							
							
							
							
							
							
							
							
							
							
							
							
							
							
							
							
							
							
							
							
							
							
							
							
							
							
							
							
							
							
							
							
							
							
							
							
							
							
							
							
							
							
							
							
							
							
							
							
							
							
							
							
							
							
							
							
							
							
							
							
							
							
							
							
							
							
							
							
							
							
							
							
							
							
							
							
							
							
							
							
							
							
							
							
							
							
							
							
							
							
							
							
							
							
							
							
							
							
							
							
							
							
							
							
							
							
							
							
							
							
							
							
							
							
							
							
							
							
							
							
							
							
							
							
							
							
							
							
							
							
							
							
							
							
							
							
							
							
							
							
							
							
							
							
							
							
							
							
							
							
							
							
							
							
							
							
							
							
							
							
							
							
							
							
							
							
							
							
							
							
							
							
							
							
							
							
							
							
							
							
							
							
							
							
							
							
							
							
							
							
							
							
							
							
							
							
							
							
							
							
							
							
							
							
							
							
							
							
							
							
							
							
							
							
							
							
							
							
							
							
							
							
							
							
							
							
							
							
							
							
							
							
							
							
							
							
							
							
							
							
							
							
							
							
							
							
							
							
							
							
							
							
							
							
							
							
							
							
							
							
							
							
							
							
							
							
							
							
							
							
							
							
							
							
							
							
							
							
							
							
							
							
							
							
							
							
							
							
							
							
							
							
							
							
							
							
							
							
							
							
							
							
							
							
							
							
							
							
							
							
							
							
							
							
							
							
							
							
							
							
							
							
							
							
							
							
							
							
							
							
							
							
							
							
							
							
							
							
							
							
							
							
							
							
							
							
							
							
							
							
							
							
							
							
							
							
							
							
							
							
							
							
							
							
							
							
							
							
							
							
							
							
							
							
							
							
							
							
							
							
							
							
							
							
							
							
							
							
							
							
							
							
							
							
							
							
							
							
							
							
							
							
							
							
							
							
							
							
							
							
							
							
							
							
							
							
							
							
							
							
							
							
							
							
							
							
							
							
							
							
							
							
							
							
							
							
							
							
							
							
							
							
							
							
							
							
							
							
							
							
							
							
							
							
							
							
							
							
							
							
							
							
							
							
							
							
							
							
							
							
							
							
							
							
							
							
							
							
							
							
							
							
							
							
							
							
							
							
							
							
							
							
							
							
							
							
							
							
							
							
							
							
							
							
							
							
							
							
							
							
							
							
							
							
							
							
							
							
							
							
							
							
							
							
							
							
							
							
							
							
							
							
							
							
							
							
							
							
							
							
							
							
							
							
							
							
							
							
							
							
							
							
							
							
							
							
							
							
							
							
							
							
							
							
							
							
							
							
							
							
							
							
							
							
							
							
							
							
							
							
							
							
							
							
							
							
							
							
							
							
							
							
							
							
							
							
							
							
							
							
							
							
							
							
							
							
							
							
							
							
							
							
							
							
							
							
							
							
							
							
							
							
							
							
							
							
							
							
							
							
							
							
							
							
							
							
							
							
							
							
							
							
							
							
							
							
							
							
							
							
							
							
							
							
							
							
							
							
							
							
							
							
							
							
							
							
							
							
							
							
							
							
							
							
							
							
							
							
							
							
							
							
							
							
							
							
							
							
							
							
							
							
							
							
							
							
							
							
							
							
							
							
							
							
							
							
							
							
							
							
							
							
							
							
							
							
							
							
							
							
							
							
							
							
							
							
							
							
							
							
							
							
							
							
							
							
							
							
							
							
							
							
							
							
							
							
							
							
							
							
							
							
							
							
							
							
							
							
							
							
							
							
							
							
							
							
							
							
							
							
							
							
							
							
							
							
							
							
							
							
							
							
							
							
							
							
							
							
							
							
							
							
							
							
							
							
							
							
							
							
							
							
							
							
							
							
							
							
							
							
							
							
							
							
							
							
							
							
							
							
							
							
							
							
							
							
							
							
							
							
							
							
							
							
							
							
							